11
10
10
10
10
10
10
10
10
10
10
10
10
10
10
12
11
10
10
10
10
10
10
10
10
10
10
10
10
10
10
12
9
1
1
1
1
1
1
1
1
1
1
1
1
1
1
9
9
1
1
1
1
1
1
1
1
1
1
1
1
1
1
9
9
2
7
10
10
10
10
10
8
1
7
10
16
8
1
9
9
1
5
1
11
10
10
10
16
10
10
10
8
1
2
9
9
1
1
1
1
1
1
1
1
1
1
1
6
1
1
13
14
1
13
10
14
1
1
1
6
1
1
1
1
1
1
9
13
10
10
10
12
1
11
10
10
10
8
1
1
1
1
1
1
1
1
1
1
1
1
1
1
1
1
11
10
10
10
14
0
0
0
0
9
1
9
1
1
1
1
1
11
10
10
19
20
10
10
12
1
7
16
10
10
8
1
9
1
0
0
0
10
10
10
10
14
1
13
10
10
10
12
1
9
0
0
0
0
0
0
9
1
1
9
1
1
1
1
13
10
10
10
10
3
1
1
1
1
1
1
1
1
1
9
1
9
0
0
0
0
0
0
9
1
1
17
10
10
8
1
1
1
1
1
3
3
1
1
1
1
1
1
1
5
1
9
1
9
0
0
0
0
0
0
9
1
1
6
1
1
1
1
1
1
1
1
3
10
10
10
10
12
1
5
1
9
1
9
1
9
0
0
0
0
0
0
9
1
1
1
1
5
1
1
11
10
10
10
10
0
0
0
0
9
2
9
1
9
1
9
1
13
10
10
10
10
10
10
14
1
5
1
7
15
8
2
9
0
0
0
0
11
10
10
10
14
1
9
1
6
1
6
1
1
1
1
1
1
4
1
1
1
9
1
1
1
1
1
13
10
10
10
12
9
1
1
1
1
1
9
1
1
1
1
1
1
1
1
11
12
1
5
1
1
9
1
5
1
5
1
1
1
1
1
9
9
1
7
10
8
1
13
10
10
10
10
10
10
8
1
9
9
1
13
10
10
15
10
14
1
13
10
10
10
8
1
9
9
1
1
1
1
1
1
1
1
1
1
1
1
1
2
9
9
1
1
1
1
1
1
1
1
1
1
1
1
1
1
9
13
10
10
10
10
10
10
10
10
10
10
10
10
10
10
14
13
10
10
10
10
10
10
10
10
10
10
10
10
10
10
14
