9
8
8
8
8
8
8
8
8
8
8
8
8
8
8
10
9
8
8
8
8
8
8
8
8
8
8
8
8
8
8
10
7
1
1
1
1
1
1
1
1
1
1
1
1
1
1
7
7
1
1
1
1
1
1
1
1
1
1
1
1
1
1
7
7
2
5
8
8
8
8
8
6
1
5
8
8
6
1
7
7
1
3
1
9
8
8
10
9
8
8
8
6
1
2
7
7
1
1
1
1
1
1
1
1
1
1
1
1
1
1
11
12
1
11
8
12
1
1
11
12
1
1
1
1
1
1
7
11
8
8
8
10
1
9
8
8
8
6
1
1
1
1
1
1
1
1
1
1
1
1
1
1
1
1
9
8
8
8
12
0
0
0
0
7
1
7
1
1
1
1
1
9
8
8
8
8
8
8
10
1
5
8
8
8
6
1
7
0
0
0
0
8
8
8
8
12
1
11
8
8
8
10
1
7
0
0
0
0
0
0
7
1
1
1
1
1
1
1
11
8
8
8
8
1
1
1
1
1
1
1
1
1
1
7
1
7
0
0
0
0
0
0
7
1
5
8
8
8
6
1
1
1
1
1
1
1
1
1
1
1
1
1
1
3
1
7
1
7
0
0
0
0
0
0
7
1
1
1
1
1
1
1
1
1
1
1
1
8
8
8
8
10
1
3
1
7
1
7
1
7
0
0
0
0
0
0
7
1
3
1
1
1
3
1
9
8
8
8
8
0
0
0
0
7
2
7
1
7
1
7
1
11
8
8
8
8
8
8
12
1
7
1
5
8
12
2
7
0
0
0
0
9
8
8
8
12
1
7
1
4
1
4
1
1
1
1
1
1
1
1
1
1
7
1
1
1
1
1
11
8
8
8
10
7
1
1
1
1
1
7
1
1
1
1
1
1
1
1
9
10
1
9
8
8
12
1
3
1
3
1
1
1
1
0
7
7
1
5
8
6
1
11
8
8
8
8
8
8
6
1
7
7
1
11
8
8
8
8
12
1
11
8
8
8
6
1
7
7
1
1
1
1
1
1
1
1
1
1
1
1
1
2
7
7
1
1
1
1
1
1
1
1
1
1
1
1
1
1
7
11
8
8
8
8
8
8
8
8
8
8
8
8
8
8
12
11
8
8
8
8
8
8
8
8
8
8
8
8
8
8
12
