23
25
25
25
25
25
25
25
25
25
25
25
25
25
25
24
23
25
25
25
25
25
25
25
25
25
25
25
25
25
25
24
28
1
1
1
1
1
1
1
1
1
1
1
1
1
1
27
28
1
1
1
1
1
1
1
1
1
1
1
1
1
1
27
28
2
9
12
12
12
12
12
10
1
9
12
18
10
1
27
28
1
9
18
12
12
12
12
18
12
12
12
12
10
2
27
28
1
1
1
1
1
1
1
1
1
1
1
8
1
1
29
30
1
1
8
1
1
1
1
8
1
1
1
1
1
1
27
21
26
26
26
32
1
1
7
1
1
1
1
1
1
1
1
1
1
1
1
1
1
1
1
1
1
1
31
26
26
26
22
0
0
0
0
28
1
9
17
12
12
14
1
1
1
1
1
1
1
1
1
1
1
1
1
1
1
1
27
0
0
0
0
25
25
25
25
30
1
1
1
1
1
11
1
1
1
31
5
6
32
1
1
1
1
7
1
1
1
1
29
25
25
25
25
3
1
1
1
1
1
1
1
1
1
11
1
1
1
27
0
0
28
1
1
1
1
19
12
12
10
1
1
1
1
1
3
3
1
1
1
1
1
1
1
7
1
19
10
1
1
27
0
0
28
1
1
1
1
8
1
1
1
1
1
1
1
1
3
26
26
26
26
32
1
7
1
11
1
11
1
1
1
29
25
25
30
1
1
1
1
1
1
7
1
1
31
26
26
26
26
0
0
0
0
28
2
11
1
11
1
11
1
1
1
1
1
1
1
1
1
1
7
1
9
17
10
2
27
0
0
0
0
23
25
25
25
30
1
11
1
8
1
8
1
1
1
1
1
1
4
1
1
1
11
1
1
1
1
1
29
25
25
25
24
28
1
1
1
1
1
11
1
1
1
1
1
1
1
1
31
32
1
7
1
1
11
1
1
1
7
1
1
1
1
1
27
28
1
9
12
10
1
15
12
12
12
12
12
12
10
1
27
28
1
15
12
12
17
12
10
1
15
12
12
12
10
1
27
28
1
1
1
1
1
1
1
1
1
1
1
1
1
2
27
28
1
1
1
1
1
1
1
1
1
1
1
1
1
1
27
21
26
26
26
26
26
26
26
26
26
26
26
26
26
26
22
21
26
26
26
26
26
26
26
26
26
26
26
26
26
26
22
